 dos:  semicircular                                                                                        
 beta:     11.000000000000000     
 U:     0.0000000000000000     
 N_tau:          2048
 N_iter:          1000
 tolarence:     0.0000000000000000     
 solver:  IPT                                                                                                 
 init:             1
 mix:    0.50000000000000000     
 delta:     0.0000000000000000     
